STATES: t p f g h k L m u_r u_theta u_h
MAX THRUST: 0.019779542235
ISP: 450.0
TAU: -12.0

0.0 6655.942000104108 0.0 0.0 -0.25396764647494 0.0 3.141592653589793 0.45359237 0.1755195110259563 -0.5145848282749507 0.8392826435465285
45.70140194891879 6654.42128218268 0.005923716087940616 0.0001881384892155541 -0.25407017903928103 -2.7124365080675186e-06 3.1944243545840543 0.4518246400603504 0.15930091929926057 -0.4914571225767408 0.8562085690875796
141.24623263318225 6651.492510612057 0.017093323694504416 0.0014557277362801638 -0.25429621084589255 -2.7286931995153225e-05 3.303003165341703 0.4481289666110303 0.08590447033843249 -0.40072060046358593 0.9121641422134377
260.6720123504226 6649.041690081072 0.02608990776948899 0.003554348788553084 -0.2545949229905941 -9.676535989316198e-05 3.436007990404152 0.44350957820346826 0.22349452713418078 -0.20884859569413983 0.9520674663161506
371.96812536630995 6647.444716954256 0.03154934925817962 0.005854199640803629 -0.2548718933171751 -0.00019977900315147965 3.5583776934548066 0.43920464525273045 0.213740167021959 -0.2609868349997147 0.9413825008774366
445.34426813076794 6645.625710481466 0.03746969099587168 0.00888578311696691 -0.25504273446183345 -0.0002835678104186172 3.6382232461165493 0.43636645651257544 0.15554211103150267 -0.4475901853906395 0.8806075616515207
463.8084148241873 6645.007603322432 0.03940478986414563 0.010025531291071772 -0.25508266582212036 -0.0003057659593844876 3.6581350451465986 0.43565226343472346 0.18762305846436955 -0.48993069970000835 0.8513316025051199
463.8084148241873 6645.007603322432 0.03940478986414563 0.010025531291071772 -0.25508266582212036 -0.0003057659593844876 3.6581350451465986 0.43565226343472346 0.1876230584643696 -0.48993069970000835 0.8513316025051202
509.50981677310614 6643.715374746909 0.043357889805759296 0.012509237367537422 -0.2551833775522825 -0.0003664544384931067 3.707115923339389 0.4338845334950737 0.24635235765780972 -0.30843262475679384 0.9187925945838242
605.0546474573696 6642.572328260812 0.046558702669653854 0.015087506804246066 -0.25538796235052297 -0.0005108720430378751 3.8087486153514245 0.4301888600457536 0.4693857871245371 -0.040372351462575444 0.8820697569256447
724.4804271746107 6643.177371329104 0.04481980087564012 0.013909179275563259 -0.2556175259280522 -0.0007175185219480079 3.9360934398170477 0.4255694716381916 0.4120230650492874 0.1488183486386352 0.898938314333003
835.7765401904973 6644.569615638443 0.04140901332421221 0.010454448340043014 -0.2558095876451447 -0.0009369068894801903 4.0563811674979044 0.421264538687454 0.47131473194087475 0.18124552392111215 0.8631410565568498
909.1526829549559 6645.714410748415 0.03898602595100276 0.00729642843336016 -0.2559131789037535 -0.0010842674249782376 4.136828856791158 0.4184263499472983 0.5018945626200173 0.2766629625728951 0.8194873111603722
927.6168296483753 6646.132380098163 0.03816327676162519 0.006090807035562035 -0.25593740393138265 -0.001121938010851465 4.1572399352495895 0.41771215686944657 0.42794857337177356 0.3446632260116509 0.8355042065629037
927.6168296483753 6646.132380098163 0.03816327676162519 0.006090807035562035 -0.25593740393138265 -0.001121938010851465 4.1572399352495895 0.41771215686944657 0.4279485733717735 0.3446632260116508 0.8355042065629036
950.4675306228347 6646.6962050814145 0.03711360001283741 0.0044245638764679 -0.2559663074962781 -0.0011698825700537624 4.182628561661573 0.4168282918996219 0.44405318192197313 0.3230257599832155 0.8357458525246997
998.2399459649661 6647.587209491649 0.03553474996372728 0.0017538946842315538 -0.25602421580248125 -0.0012751952452214343 4.236124954598312 0.4149804551749619 0.44713853897993094 0.16006376134107722 0.880026544636194
1057.9528358235866 6647.6565725855335 0.03527743201087575 0.00165911381797404 -0.2560920289484929 -0.0014183228937664724 4.303489874720247 0.4126707609711809 0.38853547771571706 -0.11017915370866872 0.914822789749065
1113.60089233153 6647.048856539366 0.03592631081015286 0.003747077439989175 -0.25614741874105956 -0.0015580802253931758 4.3663794778822815 0.41051829449581184 0.38960675366237313 -0.14277091824364574 0.9098478127711982
1150.2889637137594 6646.718582215448 0.036185048548407754 0.00491027664477741 -0.2561789442661421 -0.0016514960477469053 4.40783687408686 0.4090992001257341 0.4196307272115446 -0.11615740119322146 0.9002319206337674
1159.5210370604686 6646.632478209658 0.0362512130509432 0.005213121222088785 -0.2561862160000641 -0.0016750831611082907 4.4182747811388445 0.4087421035868083 0.41910333427158303 -0.1392963779332937 0.8971894528454479
1159.5210370604686 6646.632478209658 0.0362512130509432 0.005213121222088785 -0.2561862160000641 -0.0016750831611082907 4.4182747811388445 0.4087421035868083 0.41910333427158314 -0.13929637793329366 0.8971894528454498
1182.371738034928 6646.470042951267 0.0363445865322247 0.005796557751293272 -0.25620320151599746 -0.0017338683676397996 4.444113701399135 0.40785823861698367 0.42768756215124726 -0.06978598197437275 0.9012287533701949
1230.14415337706 6646.15282105405 0.036468614463015386 0.006947244318996326 -0.25623400748123754 -0.001859181893078527 4.498200662781852 0.40601040189232324 0.40345174884364876 -0.13430614421245662 0.905090352385763
1289.85704323568 6645.286133679585 0.036806911901167715 0.00998348058873332 -0.25626311738031676 -0.0020186807385338588 4.56582251379329 0.4037007076885423 0.35016066234979254 -0.22929392192611273 0.9081915039849786
1345.505099743624 6644.424980953778 0.03697855557092097 0.012996187136187526 -0.25628086987692444 -0.002172873382053352 4.628733070343157 0.4015482412131735 0.3030239722183931 -0.15775658891089156 0.9398347359681528
1382.1931711258533 6644.106968714338 0.036948141820139724 0.014125805313424417 -0.2562874829890456 -0.0022771831727027856 4.67020082098951 0.40012914684309603 0.3771530434704737 -0.07438752480034685 0.9231587501932511
1391.4252444725626 6644.060167204458 0.03692578889756235 0.014296777841752486 -0.25628841490147447 -0.0023027922742869652 4.680643023206219 0.3997720503041696 0.43114574585699866 -0.060156682206950654 0.9002746912152043
1391.4252444725626 6644.060167204458 0.03692578889756235 0.014296777841752486 -0.25628841490147447 -0.0023027922742869652 4.680643023206219 0.3997720503041696 0.4311457458569005 -0.06015668220695065 0.900274691215205
1556.100897894238 6644.509973481024 0.03672522229009084 0.012918101716594544 -0.2562596687351765 -0.0027558015752765118 4.868278277370478 0.3934023970666121 0.412958260881906 0.12974670153931211 0.9014606304760255
1783.319688839913 6648.9372674688075 0.04096995262287571 -0.001011769608734513 -0.25608763517329614 -0.003343808862626017 5.135498091296058 0.38461357566339616 0.3598741467485643 0.3777032868718766 0.8531300168182607
1855.2336592967506 6651.2185731891805 0.04447720408046489 -0.007884492302544345 -0.25600379102849385 -0.0035082954856230485 5.223210607257944 0.38183194373889345 0.33631155462528106 0.45278132494857537 0.8257624416279415
1855.2336592967506 6651.2185731891805 0.04447720408046489 -0.007884492302544345 -0.25600379102849385 -0.0035082954856230485 5.223210607257944 0.38183194373889345 0.33631155462528073 0.4527813249485752 0.8257624416279414
1900.9350612456694 6652.483216508808 0.0466682294803978 -0.01153507541609228 -0.25594296252099624 -0.003609670106939443 5.279902829245735 0.3800642137993106 0.484580272456611 0.2382424342205085 0.8416783839938937
1996.4798919299328 6651.953975407281 0.045171100527300743 -0.010352714133160582 -0.2558168877020061 -0.0037854230049272687 5.399508473172358 0.37636854034992334 0.6949592286903491 -0.32873157816876913 0.6395054495254806
2115.905671647173 6648.465385226697 0.03677311651315106 -0.0022225685872507258 -0.2556633206055639 -0.003945434299679581 5.5478873801924875 0.37174915194215524 0.7344797357600528 -0.29149684109812746 0.6128369353976888
2227.2017846630606 6647.393130893149 0.033645307721301816 -0.0004362157040439062 -0.25548228923438127 -0.004088660405272317 5.684831604251045 0.367444218991624 0.7272524901091774 0.011566552927509438 0.6862725628228016
2300.5779274275187 6647.562126878983 0.034021905882673724 -0.0008725476126285664 -0.255348968418757 -0.004170081795212806 5.775437101669529 0.36460603025146837 0.7673157476093452 0.022166925183210364 0.6408862386559943
2319.0420741209377 6647.587729152664 0.0340189781569461 -0.001028711623695926 -0.255316459077811 -0.0041880945051759304 5.798262564840871 0.36389183717361684 0.7786287454693069 0.01765451545423928 0.6272364743961792
2319.0420741209377 6647.587729152664 0.0340189781569461 -0.001028711623695926 -0.255316459077811 -0.0041880945051759304 5.798262564840871 0.36389183717361684 0.778628745469307 0.017654515454239253 0.6272364743962567
2483.7177275426134 6646.725062404225 0.031045262413979334 -0.0010634680366918196 -0.2550536828550522 -0.004295603343585413 6.002078424740412 0.3575221839360592 0.8851044457733901 -0.12067902998241052 0.44947379437898066
2710.9365184882877 6644.6351804746 0.024454541837176068 -0.0009028763593640161 -0.2548073295527079 -0.004334635755978469 6.281800539014891 0.3487333625328425 0.974152240198619 -0.05525683789808106 0.21902989501508527
2782.850488945125 6644.5266258588235 0.024129212032697238 -0.0016406380937987119 -0.25476348866625753 -0.004332701029536682 6.36953333051289 0.3459517306083404 0.9883559733448039 0.027365043421727134 0.14967840404069727
2782.850488945125 6644.5266258588235 0.024129212032697238 -0.0016406380937987119 -0.25476348866625753 -0.004332701029536682 6.36953333051289 0.3459517306083404 0.988355973344789 0.02736504342172712 0.1496784040406969
2947.5261423668007 6646.184684106056 0.029219352401264675 -0.0015018266765218437 -0.25467523822672133 -0.004316677061483552 6.571376987380521 0.33958207737078205 0.9651670106042043 0.19049955272332225 0.17933923889424394
3174.7449333124755 6650.713008329258 0.042187155960333095 0.0024092970037583273 -0.2545082755179793 -0.004234906105882686 6.853081789957812 0.3307932559675658 0.9195855985869369 0.23687171789957423 0.31345512634073003
3246.6589037693134 6652.128137641355 0.045822378845974704 0.004580985636442709 -0.2544365631955596 -0.004185857111144753 6.9433604773919875 0.32801162404306344 0.901877260246375 0.20837284282314616 0.3784153350807724
3246.6589037693134 6652.128137641355 0.045822378845974704 0.004580985636442709 -0.2544365631955596 -0.004185857111144753 6.9433604773919875 0.32801162404306344 0.9018772602463746 0.2083728428231462 0.3784153350807725
3292.360305718232 6653.168963066739 0.04828256123902029 0.00636058024626013 -0.25434599625936627 -0.004109819189277389 7.000820343837641 0.32624389410341414 0.18107033716675347 0.2794599807214239 0.9429292933054416
3387.905136402495 6655.398400668158 0.0529449885188425 0.010840903814714632 -0.2541324651089183 -0.0039039669536144474 7.121374620416341 0.3225482206540942 -0.6689858383529949 0.2558136428783808 0.6978662681348289
3507.330916119736 6658.045570791975 0.057060585267123806 0.017204989669729026 -0.253984799374381 -0.003707466737708017 7.272895506093562 0.3179288322465317 -0.8028026843013575 0.17575915051419047 0.5697513239028628
3618.6270291356227 6656.986858163519 0.05550595349294458 0.014606165931112839 -0.2538550515711645 -0.003483532710710774 7.413396152640997 0.3136238992957937 -0.5666800929526813 -0.4606649810327617 0.6831262310153416
3692.0031719000813 6652.751369546267 0.05040170369635771 0.003916159551006271 -0.2537847628375795 -0.00330434314578896 7.50377406058257 0.31078571055563864 -0.11040232736832421 -0.6369874987873638 0.7629274228262316
3710.4673185935007 6651.754516317853 0.04952615154555686 0.0013264278872602547 -0.2537645382339876 -0.0032520432645698713 7.526032170795428 0.3100715174777873 0.10777711123831685 -0.47355721695230285 0.8741439564313837
3710.4673185935007 6651.754516317853 0.04952615154555686 0.0013264278872602547 -0.2537645382339876 -0.0032520432645698713 7.526032170795428 0.3100715174777873 0.10777711123831665 -0.4735572169523028 0.8741439564313839
3756.16872054242 6649.851506842458 0.047875528977060024 -0.0036182730101658083 -0.25371823523569453 -0.0031025947326142164 7.58057955996356 0.3083037875381371 -0.04865805202262572 -0.4000022990117608 0.9152215877909947
3851.7135512266827 6646.874537821567 0.04598001297008075 -0.011427001857135424 -0.25364314863823906 -0.002761247296601088 7.692237736264487 0.3046081140888175 0.15832977505479437 -0.23804614030030335 0.9582618209128579
3971.139330943924 6645.012878838538 0.04543527916370514 -0.016405767533423262 -0.253600016733274 -0.0022984818793568202 7.8284475026743525 0.2999887256812554 0.11009814891269129 -0.11166119645437914 0.9876285611566605
4082.4354439598105 6642.916599761788 0.04561529014102928 -0.021831566970634916 -0.25361641867118623 -0.001853866748421018 7.952766662216873 0.29568379273051776 0.13713148607377063 -0.325103417854196 0.9356830249751907
4155.811586724269 6639.148057596562 0.04675629272731668 -0.03112806934676149 -0.25365219232623015 -0.001594604998833192 8.032847437805934 0.2928456039903619 0.12710068925799095 -0.6740642235912581 0.7276557134142894
4174.275733417688 6637.725933180582 0.04734247317142517 -0.03454507570057861 -0.25366230247450994 -0.001541872339886807 8.052638080983419 0.2921314109125105 0.014465061797468617 -0.773989274938064 0.633033462202472
4174.275733417688 6637.725933180582 0.04734247317142517 -0.03454507570057861 -0.25366230247450994 -0.001541872339886807 8.052638080983419 0.2921314109125105 0.014465061797468646 -0.773989274938064 0.6330334622024723
4197.1264343921475 6636.047403042174 0.04808109807108034 -0.03854472726870141 -0.2536771648863831 -0.0014725850355693506 8.076898556991946 0.2912475459426852 -0.07399422977196703 -0.6031733315170053 0.794170501912103
4244.89884973428 6633.511812892948 0.04934330310211139 -0.044512853473181825 -0.2537213592130487 -0.0012984323172370881 8.126933168544959 0.2893997092180256 -0.09731611183542835 -0.42309603265474544 0.9008436720813714
4304.6117395928995 6630.701465987579 0.05107989590329462 -0.05093534121111946 -0.253791889300371 -0.0010734582322631898 8.188431525426468 0.28709001501424414 -0.1503979222666426 -0.44485202015978487 0.8828856919996313
4360.259796100843 6628.119708975217 0.05291097102255105 -0.05666928347230519 -0.25386996296494024 -0.0008677553642714715 8.244772582716498 0.2849375485388756 -0.2962045113631221 -0.3488430198054335 0.8891408409139495
4396.947867483072 6626.924929513258 0.05381936724518519 -0.05927315121739152 -0.25392976105096604 -0.0007299276309746201 8.281475405495856 0.28351845416879784 -0.3219181525173378 -0.24228362447307555 0.9152416885129555
4406.179940829782 6626.67140613582 0.05401207394967664 -0.05982584856857051 -0.2539459669802039 -0.0006947758243347394 8.290672044660498 0.283161357629872 -0.3003835011275734 -0.24569193011953958 0.9216318287279776
4406.179940829782 6626.67140613582 0.05401207394967664 -0.05982584856857051 -0.2539459669802039 -0.0006947758243347394 8.290672044660498 0.283161357629872 -0.3003835011275734 -0.24569193011953946 0.9216318287279778
4429.030641804241 6626.076695562388 0.054487430568802536 -0.06110471414856502 -0.2539874638888014 -0.0006082565759263379 8.313366737011101 0.2822774926600474 -0.3254667719745421 -0.23659773764860406 0.9154741344680546
4476.803057146373 6624.074646359183 0.05634629591287746 -0.06522421213597304 -0.25407715971225037 -0.0004375428826949692 8.360485270996264 0.28042965593538727 -0.3213112585134158 -0.5292514537337422 0.7852719107883877
4536.515947004993 6619.02136558827 0.061773889041142185 -0.07496199648091294 -0.2541616860021489 -0.0002933207384483783 8.41835835341992 0.2781199617316061 -0.2691250123326911 -0.8640631570959593 0.4254016787534959
4592.164003512938 6613.184650399172 0.06857766599391414 -0.08557611445903895 -0.25422096229357777 -0.00020587741314594972 8.470849919064442 0.27596749525623726 -0.2954979116198667 -0.852527041994878 0.4311364365207315
4628.852074895166 6609.4498615518505 0.07313041997155374 -0.0920558811326091 -0.2542678228497473 -0.00014134177465197482 8.504679206710671 0.2745484008861593 -0.3479014912124779 -0.851503093276068 0.39230987057863104
4638.0841482418755 6608.466544844955 0.07435813652087257 -0.09372150316819079 -0.25427749061703464 -0.0001290691701150677 8.513101803462963 0.27419130434723393 -0.35509965764848656 -0.8925611860356077 0.277918625357495
4638.0841482418755 6608.466544844955 0.07435813652087257 -0.09372150316819079 -0.25427749061703464 -0.0001290691701150677 8.513101803462963 0.27419130434723393 -0.35509965764848656 -0.8925611860356287 0.27791862535749506
4720.421974952713 6599.451827729437 0.08607172062258989 -0.10818450255773915 -0.25437115959938605 -1.7648713426532648e-05 8.586543222151096 0.2710064777284549 -0.2865833162988658 -0.8594343377606504 0.4233705491612008
4834.031370425551 6587.466885740901 0.10266522612734669 -0.12532828416157454 -0.25458766400810506 0.00019930993855262226 8.683360119478213 0.2666120670268465 -0.2066335866023203 -0.7663655126848838 0.6082651246414645
4869.98835565397 6583.909483484593 0.10778117498073495 -0.12993154038260518 -0.2546793041052852 0.00028065943821067326 8.713040710133148 0.2652212510645952 -0.18485416543490302 -0.7254681126290685 0.6629667827876315
4869.98835565397 6583.909483484593 0.10778117498073495 -0.12993154038260518 -0.2546793041052852 0.00028065943821067326 8.713040710133148 0.2652212510645952 -0.184854165434903 -0.7254681126290787 0.6629667827876315
4952.326182364807 6577.1086959776085 0.11773857605978284 -0.13814756566699815 -0.254947884297885 0.0004958661739550681 8.779657629424364 0.2620364244458163 -0.16725142080161734 -0.49645339721640686 0.851798677289504
5065.935577837644 6572.048480612449 0.12518755569778786 -0.1437723539580382 -0.255429926531349 0.0008260819173542733 8.869848439591205 0.2576420137443881 -0.23940535004062394 -0.14220964049043266 0.9604485912965417
5101.892563066063 6571.639831706789 0.12570284834101478 -0.144290764412143 -0.25559821413674794 0.0009264476037770346 8.898323469889434 0.2562511977821192 -0.2855404668786064 -0.020852159172679546 0.9581397754151492
5101.892563066063 6571.639831706789 0.12570284834101478 -0.144290764412143 -0.25559821413674794 0.0009264476037770346 8.898323469889434 0.2562511977821192 -0.28554046687860646 -0.02085215917267947 0.9581397754151487
5124.743264040522 6571.711214759073 0.12550226908195414 -0.14432174459994962 -0.2557077121968441 0.0009887928943386772 8.916477166992337 0.25536733281230234 -0.162281140250894 0.04264504840102977 0.985822616582594
5172.515679382654 6571.5155064514465 0.12567869514001284 -0.14462342622216004 -0.255947505943336 0.0011163386485866461 8.954621277208668 0.25351949608756014 -0.05377668820972759 -0.15385094292242366 0.9866295937012405
5232.228569241274 6568.509937735151 0.13057948269520286 -0.1468200475127043 -0.2562310238004578 0.001252395964767218 9.00238945637667 0.2512098018836909 0.09967803540501738 -0.5320174484988571 0.8408458382786723
5287.876625749218 6563.667005375484 0.13865371791126446 -0.14985551046536577 -0.2564678818288902 0.0013524616008474188 9.046566522320306 0.2490573354084517 -0.04816810181609219 -0.6433066736761888 0.7640918515277552
5324.564697131447 6560.116873644045 0.1445744394835911 -0.15185261124978455 -0.25661501034773243 0.0014087297085159205 9.075413869510594 0.2476382410384137 -0.20015165488879028 -0.7198776186443449 0.6646168288722687
5333.796770478157 6559.108826200757 0.14626107304195124 -0.15238667667929506 -0.25664758989888264 0.0014203788230284383 9.082636674172832 0.24728114449948813 -0.18116182229569278 -0.7833781902802485 0.5945578232062589
5333.796770478157 6559.108826200757 0.14626107304195124 -0.15238667667929506 -0.25664758989888264 0.0014203788230284383 9.082636674172832 0.24728114449948813 -0.18116182229568129 -0.7833781902802484 0.5945578232062592
5356.647471452616 6556.72672440133 0.15023712045599028 -0.15360116257295922 -0.25673063540125307 0.0014490693695884314 9.100439196486073 0.24639727952959162 -0.29896942496627693 -0.672116933080975 0.6774039497975722
5404.419886794748 6551.907713111939 0.15827335077461377 -0.1557685290950442 -0.2569188228431287 0.001508588392474524 9.137367841425489 0.24454944280483382 -0.1609295034546549 -0.7023696272724167 0.6933820026529509
5464.132776653368 6545.932774548227 0.16823789353363156 -0.1579164941936572 -0.2571786006261648 0.0015785909325178626 9.183013540108632 0.2422397486012264 -0.023895706336013366 -0.5945765036902021 0.8036838784486339
5519.780833161312 6541.803066842058 0.1750961451994149 -0.15896180876286958 -0.2574664859249068 0.0016432686561471015 9.22519679881884 0.24008728212587768 0.2594937308859624 -0.3713803759896675 0.8914816991731559
5556.468904543542 6540.42666264324 0.17738309271395566 -0.1591552790949503 -0.25766770453708693 0.001680856380407591 9.253011906036702 0.2386681877557828 0.4241294514243459 -0.07102137418494739 0.9028123685702321
5565.70097789025 6540.421527873665 0.177387933277727 -0.15912411337633967 -0.2577193470895955 0.0016897162941208789 9.260030324355606 0.23831109121685723 0.38957545932475557 0.07199203589067829 0.9181765125836815
5565.70097789025 6540.421527873665 0.177387933277727 -0.15912411337633967 -0.2577193470895955 0.0016897162941208789 9.260030324355606 0.23831109121685723 0.38957545932475546 0.07199203589067858 0.9181765125837281
5611.402379839169 6539.850399890268 0.17835104508544347 -0.1589243751404689 -0.2579212634209057 0.0017204790905670927 9.295012083836127 0.23654336127713257 0.7803218178603125 -0.1274881018711367 0.6122455752821361
5706.947210523433 6542.032568687928 0.17470667705323029 -0.15873209731759844 -0.2583439346412776 0.001756993944262646 9.369484529333956 0.23284768782771062 -0.16216666547144545 0.49650115409557644 0.852753526285101
5826.372990240673 6553.6966562069565 0.15505534680978944 -0.1609464646557047 -0.258995712929603 0.0017647047259909733 9.468547697002231 0.22822829942033376 -0.35497005649169555 0.48059619245563756 0.8018874975901709
5937.669103256561 6551.887700680202 0.15799476612267513 -0.1602533666426443 -0.2594675692952917 0.0017178543385842529 9.56694208345657 0.223923366469619 -0.2512924933932441 -0.6966170092397499 0.6719946615874985
6011.04524602102 6543.759045900964 0.17148125984515064 -0.15654799650958043 -0.2598117891272673 0.001659996267531412 9.632418454657362 0.22108517772944652 -0.026266164173168197 -0.4462793825760926 0.8945081337288865
6029.509392714439 6543.080167459089 0.1725361383135494 -0.1561350090530115 -0.2599156779346203 0.0016356248867722318 9.648912044115066 0.22037098465159538 0.3017229482016698 0.016266303688117843 0.9532568750829616
6029.509392714439 6543.080167459089 0.1725361383135494 -0.1561350090530115 -0.2599156779346203 0.0016356248867722318 9.648912044115066 0.22037098465159538 0.3017229482016697 0.016266303688117704 0.9532568750829017
6052.360093688899 6543.848076184613 0.17133009773495264 -0.1564740942042502 -0.2600408659006931 0.0016058253683503513 9.669505532607253 0.2194871196817713 0.3026714085705411 0.3775475128638572 0.8751273587110137
6100.13250903103 6547.535401312402 0.16556330192590227 -0.15864190527195599 -0.26028550899373587 0.0015388128932955394 9.713529679318645 0.2176392829571128 -0.046585778059846275 0.5584852685509898 0.8282052705061037
6159.84539888965 6552.45814846951 0.15804790117704065 -0.16226837322459656 -0.26054104725524496 0.0014557729597580984 9.770713077919403 0.21532958875333366 -0.5585867430952153 0.5459084269305813 0.6244716485515053
6215.493455397594 6557.38266538381 0.15070812812077566 -0.1665080291545282 -0.26072035397105076 0.0013850807457726929 9.826311887798724 0.21317712227796654 -0.4985081044601922 0.6659145716409995 0.5550202276166971
6252.181526779823 6561.3596535960305 0.14483645930359676 -0.1701532262479461 -0.2608312204838375 0.001336053597899681 9.864351124261 0.21175802790789006 -0.2890908425088578 0.8092068295244323 0.5114790238402445
6261.413600126532 6562.485313378255 0.1431801885414714 -0.17121446343680846 -0.2608551233554437 0.0013244461144277897 9.874114424406939 0.21140093136896448 -0.2746105893522541 0.8516927777622902 0.44632772322948927
6261.413600126532 6562.485313378255 0.1431801885414714 -0.17121446343680846 -0.2608551233554437 0.0013244461144277897 9.874114424406939 0.21140093136896448 -0.27461058935225413 0.8516927777622901 0.44632772322948944
6284.264301100992 6562.82344773196 0.14276318692653928 -0.1716233343596832 -0.26090716383963786 0.0012987796166653409 9.898556977063256 0.21051706639914036 -0.788498385868991 -0.4226545723802377 0.4468035451363924
6332.036716443124 6558.468469195951 0.1492963727920499 -0.16749820630291395 -0.2610434272614404 0.0012234708245121451 9.950162702444224 0.20866922967448184 -0.6214185051977302 -0.5083452331587421 0.5961746097666927
6391.749606301744 6557.352070296775 0.15117424434654955 -0.16659997891292472 -0.26118499651666954 0.0011371249993516936 10.015620283708879 0.20635953547070274 -0.9296618257507671 0.23788846113362153 0.28131471664530383
6447.397662809687 6561.867786085119 0.1456437487978714 -0.17243339049820997 -0.2612402193882554 0.001096032418013669 10.078860485760373 0.20420706899533567 -0.4369781930340214 0.8684583003504186 0.2341585773897332
6484.085734191916 6566.9479379566865 0.13929456453811065 -0.17885845939750117 -0.2612898821349164 0.0010576922887279069 10.122288549585262 0.2027879746252591 -0.30089638040591815 0.907911328217975 0.29181910210281226
6493.317807538627 6568.035785996681 0.13800667025258573 -0.18034375744477463 -0.2612999272359717 0.0010484931801917987 10.133484371635275 0.20243087808633356 -0.6665040897113662 0.7174460067998588 0.2025920179205865
6493.317807538627 6568.035785996681 0.13800667025258573 -0.18034375744477463 -0.2612999272359717 0.0010484931801917987 10.133484371635275 0.20243087808633356 -0.6665040897114276 0.7174460067998436 0.20259201792068848
6539.019209487546 6572.896687955838 0.1324281952829263 -0.1871281722705876 -0.2613605838950798 0.0009928373045779023 10.190237310894531 0.20066314814673233 -0.49102855145651075 0.7889186856794139 0.36945672147149744
6634.564040171808 6584.808850651204 0.11969943326865762 -0.2049679434097543 -0.2614761224076972 0.0008698679390329329 10.317047753364852 0.19696747469735879 -0.03369695257156534 0.9777877082231375 0.2068712474832306
6753.98981988905 6601.042489828384 0.10505309848546036 -0.23206039803178308 -0.2615193247781965 0.0008051656267344517 10.493312473236628 0.1923480862895951 -0.08265955025918376 0.9923713526585083 0.09146855838852277
6865.285932904936 6615.32606592961 0.09612538601112772 -0.25860451137165313 -0.2615549301342044 0.000725233313494384 10.676896634150493 0.1880431533390166 0.05005715023225168 0.9750069492176455 0.2164618458018075
6938.662075669395 6624.565125315243 0.0926451397200213 -0.27666080077553357 -0.26157705860598895 0.0006325797958591439 10.808165379604068 0.1852049645989229 -0.027873151084215324 0.9616829054581096 0.2727436100045307
6957.126222362814 6626.797213042821 0.09221462140914208 -0.281159212415808 -0.26158217520721677 0.0006069535599461405 10.842459348989241 0.18449077152107177 -0.23521678370895172 0.9301269406849723 0.28202294033209135
6957.126222362814 6626.797213042821 0.09221462140914208 -0.281159212415808 -0.26158217520721677 0.0006069535599461405 10.842459348989241 0.18449077152107177 -0.23521678370895166 0.9301269406850112 0.2820229403320913
7002.827624311732 6632.295558335356 0.09165505071588974 -0.29227551276588914 -0.261589340419831 0.0005393525203442767 10.9293627745798 0.1827230415814236 0.10289139935141582 0.9532315948245913 0.28418811827322044
7098.372454995995 6643.599566633362 0.09286751753619883 -0.3152821244857513 -0.26158819473909184 0.00042909231057945235 11.119634969978948 0.1790273681321065 0.37088012300366335 0.9139859750497672 0.1645526413436031
7217.798234713237 6657.162756230604 0.09928644038840531 -0.34226465050639443 -0.26157333035731295 0.0003708881115244696 11.369836139602045 0.17440797972454827 0.42686912367218927 0.9035511889131612 0.037121426009112356
7329.094347729124 6670.426522325903 0.11082216170311115 -0.36640516429158404 -0.26158735641670994 0.00038876496170688437 11.609010194777026 0.17010304677381405 0.2419647919579963 0.9626739212488074 -0.12129287200890461
7402.4704904935825 6679.824910370117 0.12174244555802875 -0.3814416873127334 -0.2616230479648052 0.00043438371536517816 11.766477614153269 0.16726485803366095 -0.03437397004081955 0.9881863494224095 -0.14935249913826162
7420.9346371870015 6682.251017298006 0.12486334890261977 -0.38498460339297236 -0.26163298738519103 0.0004431364190566386 11.805792454094696 0.1665506649558098 -0.11033315860700116 0.9878858861775858 -0.10912410367513395
7420.9346371870015 6682.251017298006 0.12486334890261977 -0.38498460339297236 -0.26163298738519103 0.0004431364190566386 11.805792454094696 0.1665506649558098 -0.11033315860700114 0.9878858861775993 -0.10912410367513424
7585.610290608677 6704.636211799852 0.15727768092996625 -0.41163325941889894 -0.2616922280315915 0.00048055316490068766 12.144560237350344 0.16018101171814944 0.20721065327569932 0.9775813045498665 -0.037397034155654034
7812.8290815543505 6738.680333236773 0.21110352896819384 -0.43259817234321823 -0.261609063638651 0.00048256736689373354 12.562402718224462 0.1513921903147996 0.20276651777794316 0.964277382296403 0.17045488922302945
7884.743052011189 6750.475642120078 0.2292684667685307 -0.435047737661927 -0.2615053021218941 0.0004839119972141133 12.678902818539886 0.14861055839029721 0.09443840532356768 0.9602876137919679 0.2625434942976672
7884.743052011189 6750.475642120078 0.2292684667685307 -0.435047737661927 -0.2615053021218941 0.0004839119972141133 12.678902818539886 0.14861055839029721 0.09443840532356765 0.9602876137917812 0.26254349429766727
7930.444453960108 6758.478474034066 0.24122936997756508 -0.4356236212022401 -0.2614846048750813 0.0004846829291397291 12.749849026886396 0.14684282845073018 -0.08948308217756995 0.9957060363843423 -0.023712177286641153
8025.989284644371 6775.416025921287 0.26526729958318024 -0.43424335304401 -0.26143323788686595 0.0005058352596395909 12.889619752995147 0.14314715500146385 -0.4040720811246755 0.8956318532280184 0.18592932171277707
8145.415064361612 6796.293182719093 0.29217420739904226 -0.428590895063468 -0.26133428207635573 0.0005352986270082625 13.048844806162172 0.13852776659376534 -0.47251098103920103 0.8797687933385999 -0.05234894759885009
8256.711177377498 6819.155787966448 0.31874390986750134 -0.4195417154939034 -0.26144166869001434 0.00048041958227546097 13.183644684506529 0.13422283364323043 -0.13681966033221765 0.9881670525408159 -0.06932735638012809
8330.087320141956 6835.741268539771 0.33645768050074404 -0.41211831274944916 -0.2613792517429041 0.0005202894507377588 13.266481873617785 0.13138464490313745 0.27457862965492824 0.9090474204567002 0.3134316419019064
8348.551466835375 6839.6381338427445 0.34042098085389594 -0.4103633982858503 -0.261333787161461 0.0005642004758563679 13.286604157686657 0.13067045182528628 0.3981829553605929 0.8411639224034693 0.3659147965720528
8348.551466835375 6839.6381338427445 0.34042098085389594 -0.4103633982858503 -0.261333787161461 0.0005642004758563679 13.286604157686657 0.13067045182528628 0.39818295536059156 0.8411639224034678 0.36591479657205517
8394.252868784295 6850.767717093576 0.35126907683915193 -0.4046324628427723 -0.2613293091393455 0.0005647759477152946 13.335347801314596 0.12890272188563812 -0.19640924568792398 0.9679277374487242 -0.15665025785390382
8489.79769946856 6860.355867576477 0.36057223666849675 -0.4001134270384394 -0.26125844440724527 0.0006566014762029222 13.431617189823372 0.1252070484363211 0.8275934841399649 -0.23442466113973093 0.5100334334714836
8609.223479185799 6842.1847248620625 0.3464594213635542 -0.4122412817706029 -0.2606223190093435 0.0014852844575162251 13.53712595359323 0.12058766002876288 0.28018671470999784 -0.4405144901715599 0.8529023325380768
8720.519592201686 6843.949801363759 0.3468584936223783 -0.41253894211439035 -0.26009191500449874 0.0023527292949828416 13.622337582278286 0.1162827270780287 0.5982636446371983 0.46039495490995064 0.6558331319770911
8793.895734966143 6852.269640685626 0.3517237813584404 -0.40902964550684684 -0.2597655862325365 0.0029511232885594636 13.674697576157659 0.11344453833787564 0.5952574006243707 -0.0942070910355816 0.7979935156381478
8812.359881659564 6850.166294999514 0.3505368027890516 -0.4104873456841476 -0.2596757280927016 0.0031421488951909847 13.687301605702734 0.11273034526002448 -0.08853974818999871 -0.55614280529027 0.8263570010076277
8812.359881659564 6850.166294999514 0.3505368027890516 -0.4104873456841476 -0.2596757280927016 0.0031421488951909847 13.687301605702734 0.11273034526002448 -0.08853974819029795 -0.55614280529027 0.82635693107419
8858.061283608482 6841.270829926199 0.34527725225093314 -0.4159985521374984 -0.2594486690978417 0.003631172064017417 13.717407155056597 0.11096261532037631 0.004816580755786731 -0.5459572134601481 0.8377992131893258
8953.606114292746 6819.8146223241465 0.3342978171715507 -0.4288411490537171 -0.2590028738705592 0.004715798256407565 13.775192153789872 0.10726694187105924 0.22052600908092979 -0.574654419358344 0.788124722128904
9073.031894009986 6796.245221362461 0.32394432731011963 -0.44282645962874495 -0.2584935399090175 0.006208551297631224 13.839086156025635 0.10264755346350106 0.4431947289824663 -0.36527831984670045 0.8186270110345554
9184.328007025875 6773.917180584615 0.315661653026959 -0.4553249537386185 -0.25803824339212633 0.007850062185490059 13.891962867229578 0.09834262051276688 0.2037637437330238 -0.5890368273771058 0.7819948546719577
9257.704149790332 6745.459828925575 0.3067926550786831 -0.46924412018393563 -0.25783189580872246 0.008726477925222758 13.923703947432132 0.0955044317726138 0.21055306982002228 -0.910556303938859 0.35574517443580517
9276.168296483751 6736.3070485387225 0.30446274900164877 -0.47339052345094634 -0.2578112803216558 0.008823996237212098 13.931294139780942 0.09479023869476262 0.35425525149139653 -0.9239200728375293 0.144481583960965
9276.168296483751 6736.3070485387225 0.30446274900164877 -0.47339052345094634 -0.2578112803216558 0.008823996237212098 13.931294139780942 0.09479023869476262 0.35425536027444204 -0.9239200311272228 0.14448158396096494
9440.843949905426 6661.113095303916 0.28702204454130287 -0.5060095655882533 -0.25753371587434276 0.010512277180084354 13.991834403090719 0.08842058545690966 0.3565707441327366 -0.6399125292369374 0.6807123212066689
9668.0627408511 6599.297203911159 0.27114703578708854 -0.5323660781182402 -0.2569263969142143 0.015986297802153177 14.059084242478155 0.07963176405393567 0.008713115483122471 -0.14880626436887875 0.9888279819875225
9739.976711307938 6595.735821921423 0.26793721920766417 -0.5347397876266043 -0.25677936631603765 0.018257326694192298 14.078027163092 0.07685013212950086 -0.18619044003295435 0.030600270961087805 0.9820370377218334
9739.976711307938 6595.735821921423 0.26793721920766417 -0.5347397876266043 -0.25677936631603765 0.018257326694192298 14.078027163092 0.07685013212950086 -0.186190440032871 0.030600270961087698 0.9820370377218491
9762.827412282399 6594.490972370706 0.2668393616525674 -0.5355408621072317 -0.25673814398634026 0.018990770602248398 14.083899843417095 0.07596626715967676 -0.12596685779532368 -0.16941464464172315 0.9774615244771593
9810.59982762453 6581.014155207023 0.26392105719454595 -0.5404508777893525 -0.2566699992363348 0.020426415359335565 14.095951812754263 0.07411843043501823 0.3359159231205113 -0.4574750822316798 0.8233328863413987
9870.31271748315 6557.369267333245 0.2605129410497738 -0.5483152474928095 -0.2566135792475573 0.022098295952293057 14.110441679671327 0.07180873623123914 0.404288133655587 -0.4096387575250528 0.817769645632944
9925.960773991095 6538.8477950179 0.2573273450322158 -0.554417403853314 -0.25657695599180425 0.023911216015349214 14.12322927903171 0.06965626975587204 0.09771953122924729 -0.352874242374148 0.9305539548090356
9962.648845373322 6525.930114420036 0.2550061351062592 -0.5585548181936206 -0.2565642036025357 0.025223123563044864 14.13133016438546 0.06823717538579552 0.21739701510628348 -0.3878180551425999 0.8957319319576741
9971.880918720033 6522.486493130397 0.2544854441652205 -0.5596147450658775 -0.2565625690735908 0.02554340482689679 14.133337363477013 0.06788007884686995 0.33698790717070043 -0.37712558858758144 0.8626792224539218
9971.880918720033 6522.486493130397 0.2544854441652205 -0.5596147450658775 -0.2565625690735908 0.02554340482689679 14.133337363477013 0.06788007884686995 0.3369879071707001 -0.3771255885875816 0.8626792224539236
9994.731619694492 6512.597354593357 0.2531208623900981 -0.5625628241714443 -0.2565614791790959 0.026323845054386275 14.138252671486955 0.06699621387704584 0.2197695130521409 -0.46993962617720153 0.8549023972949016
10042.504035036623 6493.314509894775 0.25019517939869895 -0.5682727338211561 -0.2565726250680037 0.028102425730965837 14.148178110919233 0.0651483771523873 0.14128867408073906 -0.29367357286851814 0.9454064433781125
10102.216924895243 6483.329044937573 0.24715977076027773 -0.5718114383536664 -0.2566159881067797 0.030650882621536077 14.160017392014442 0.06283868294860821 0.031069451449241614 -0.044974777392943095 0.9985048615731154
10157.864981403189 6484.520454017711 0.24485697146512864 -0.5726049025510727 -0.25668752988601573 0.03317546287750746 14.170735279619958 0.06068621647324111 0.10390474816893093 0.05311935483021843 0.993167728902248
10194.553052785417 6484.889756144574 0.24345398004987703 -0.57319225292171 -0.2567509376960187 0.03488981500237755 14.177682445488745 0.059267122103164586 0.14349610373314356 -0.08490082612030725 0.9860023925198972
10203.785126132127 6483.486054435819 0.2430211975396919 -0.5736765841381789 -0.25676905273249157 0.035325636061789185 14.179415981655673 0.05891002556423901 0.09858857328061596 -0.18581247587310698 0.977626726838315
10203.785126132127 6483.486054435819 0.2430211975396919 -0.5736765841381789 -0.25676905273249157 0.035325636061789185 14.179415981655673 0.05891002556423901 0.09858857328061597 -0.18581247587310679 0.9776267268383151
10226.635827106587 6482.884997660933 0.2422529397414023 -0.5742156656125059 -0.25681645447057155 0.03639306240525171 14.183682895608952 0.05802616059441492 0.3143319711803996 0.07731386128684514 0.9461612804081552
10274.408242448719 6486.111861922628 0.24033759157683823 -0.5743738796749459 -0.2569305038664783 0.03862889471223252 14.192526303942104 0.05617832386975639 -0.3654084125954256 -0.029108274320565387 0.9303920680931078
10334.121132307338 6478.427154155566 0.23645691236090846 -0.5770382523522657 -0.2571065508683669 0.0415194047809271 14.203348683806626 0.053868629665977295 -0.3822260726287218 -0.10072149798988582 0.918563230995416
10389.769188815282 6478.137 0.2333263136229227 -0.5781052495316024 -0.25730640443967295 0.044323345376778074 14.213174669855295 0.051716163190610204 -0.37797445184981143 0.09421434647843684 0.9210097560980931
10426.45726019751 6483.761977783847 0.23129791103060449 -0.5777497517154163 -0.25746311728884363 0.046296928594974945 14.2195391906066 0.05029706882053369 -0.21817481759366864 0.08611351347703093 0.9721031028875989
10435.68933354422 6484.607394553057 0.230864574540012 -0.5777627891880053 -0.2575072039345886 0.04682575350819283 14.221118855644296 0.0499399722816081 0.07766928130115333 0.04340204562470462 0.9960340080430605
10435.68933354422 6484.607394553057 0.230864574540012 -0.5777627891880053 -0.2575072039345886 0.04682575350819283 14.221118855644296 0.0499399722816081 0.07766928130115601 0.043402045624704594 0.9960340080430605
10458.54003451868 6486.274822315124 0.2296932595391551 -0.5778787699840185 -0.25761677241778774 0.04809918838384989 14.225035431402922 0.04905610731178402 -0.39880697224149575 0.06027996296039195 0.9150515422406896
10506.312449860812 6494.031838973362 0.22694650713300188 -0.5774069916778198 -0.25786443797476416 0.050781076108643235 14.233168022983058 0.047208270587125484 -0.28558824787012055 0.1786142298364937 0.9415605713805102
10566.025339719432 6521.282011138467 0.2245473817443521 -0.5739132179580649 -0.25822520062097054 0.0543431152729973 14.243224100319392 0.044898576383346385 0.03725951243755849 0.3979839740244094 0.9166354156112204
10621.673396227376 6562.522575041037 0.2231881817473929 -0.5681734104496902 -0.2585888032006331 0.057608117729951086 14.252717243746241 0.0427461099079793 0.17711665057542117 0.4918678924262242 0.8524644675815828
10658.361467609604 6595.720315799471 0.22259761373383932 -0.5635661143469943 -0.2588346745111006 0.05967348293714532 14.25910223917116 0.04132701553790277 0.21706707044273996 0.6000579980107535 0.7699430407197266
10667.593540956315 6605.836614299189 0.22249022200173996 -0.562146655977546 -0.25889438244961777 0.060155941745049145 14.260739113816118 0.040969918998977194 0.18024495817892244 0.6696891917027403 0.7204360773640567
10667.593540956315 6605.836614299189 0.22249022200173996 -0.562146655977546 -0.25889438244961777 0.060155941745049145 14.260739113816118 0.040969918998977194 0.18024495817892267 0.6696891917026688 0.720436077364056
10690.444241930774 6631.889554234285 0.22203842792400724 -0.5585596817839656 -0.2590477728254208 0.061370431902165 14.264810507742038 0.04008605402915311 -0.009518733245600418 0.6382081194918837 0.769805033714405
10738.216657272906 6689.7529422790685 0.22066413598051154 -0.5508484728903413 -0.2593894921656063 0.06394640718051514 14.273435295014373 0.0382382173044946 -0.1169241666093607 0.708598351444555 0.6958571086025965
10797.929547131525 6776.896969267042 0.21883135810525678 -0.5395664606452444 -0.2597930508318834 0.06677518146691024 14.28467914377761 0.035928523100715516 -0.15213435458477198 0.8010892242569245 0.5788878932353948
10853.577603639467 6868.011940388676 0.21730370784654066 -0.5282457061765236 -0.26018567087191663 0.06932123089122477 14.295516944525334 0.03377605662534843 0.03904259953047079 0.7964005483976404 0.6035079468688386
10890.2656750217 6928.683549398918 0.2164386820673475 -0.5210342580752251 -0.2604975614026411 0.07122930931849299 14.302719618421722 0.032356962255271904 0.012037143281287233 0.7457915661796459 0.6660706021113204
10899.497748368407 6943.6003113215465 0.21613601004135807 -0.5193238253212082 -0.2605849465076112 0.07174937385511887 14.304532745860998 0.03199986571634632 -0.10320375435058236 0.7258658500907368 0.680049816381122
10899.497748368407 6943.6003113215465 0.21613601004135807 -0.5193238253212082 -0.2605849465076112 0.07174937385511887 14.304532745860998 0.03199986571634632 -0.10320375435058254 0.725865850090736 0.6800498163811219
10922.348449342866 6978.755235386309 0.21531978256007966 -0.5153947885367576 -0.2608263529185352 0.07315719253021156 14.308993372737278 0.031116000746522227 -0.0191459595840852 0.6828332101994905 0.7303233922729484
10970.120864685 7063.389508435311 0.21363281337418297 -0.5062316409958598 -0.2613065895908213 0.07585680410389065 14.318566810150214 0.029268164021863694 -0.044739926524337344 0.8302559047852348 0.5555839654851772
11029.833754543619 7190.885044326584 0.21163376128227512 -0.49304713939966727 -0.2618723157391072 0.07882741929014712 14.331011515298991 0.026958469818084602 0.022393391237378463 0.8351584208540045 0.5495534078736436
11085.481811051563 7317.24129956795 0.20932234637649827 -0.48107509818017186 -0.26248301793287865 0.08185422626659244 14.342779355730983 0.024806003342717507 -0.13929954783133194 0.8486643228312687 0.5102592508983355
11122.169882433793 7412.124252314856 0.2073893754062771 -0.472648162591618 -0.26287121579438516 0.08367137314921973 14.350757185974151 0.023386908972640983 -0.04920340101081344 0.8922047556924271 0.4489428732822203
11131.4019557805 7437.276629731569 0.20701844627372928 -0.4704804922586459 -0.26297035859361023 0.08412982772088497 14.35278302834467 0.023029812433715397 0.1174691096487564 0.8690465852948003 0.48058198142103276
11131.4019557805 7437.276629731569 0.20701844627372928 -0.4704804922586459 -0.26297035859361023 0.08412982772088497 14.35278302834467 0.023029812433715397 0.11746910964875643 0.8690465852948005 0.4805819814210326
11146.635756430142 7479.179221189651 0.20647315372793906 -0.46690932157773196 -0.26314717920279845 0.08493060035521773 14.356119019081166 0.022440569120499337 0.028188071262242063 0.8832224566201956 0.46810631779575634
11178.484033324896 7572.26786722174 0.20505610842361435 -0.4593315775765787 -0.2635220181830778 0.08658815144139967 14.363157506782771 0.021208677970726977 -0.011956860117409032 0.8938131269366075 0.4482801887352959
11218.292626563976 7697.214864298041 0.20315278005864093 -0.44981034659027586 -0.2640356144013589 0.08877606935084345 14.372002289571745 0.019668881834874235 0.004327933596124659 0.8887178542483763 0.45843412235894393
11255.391330902605 7824.514815119633 0.20135914319421092 -0.4408034495287009 -0.26455433324580413 0.09090633711785763 14.380289939669721 0.018233904184629498 0.02945271676885015 0.9065828026309175 0.42099900172410926
11279.850045157425 7916.444284721161 0.20018425081952104 -0.43468475934081163 -0.2648961772793485 0.09226760451229052 14.385811842176285 0.01728784127124514 0.03644643843783861 0.9148712000075024 0.40209743162835715
11286.004760721898 7940.482755142107 0.19988056082267422 -0.4331406582080868 -0.2649857795395297 0.09261986040395008 14.387201164088603 0.017049776911961415 0.030465793022221438 0.9099578197781598 0.41358022399595823
11286.004760721898 7940.482755142107 0.19988056082267422 -0.4331406582080868 -0.2649857795395297 0.09261986040395008 14.387201164088603 0.017049776911961415 0.030465793022221434 0.9099578197781599 0.4135802239959582
11301.238561371538 7998.646840991103 0.1991494479957986 -0.4295040863176667 -0.26526261943030144 0.0936954897225575 14.390554891767621 0.01646053359874537 0.03781480185485005 0.8460401833383329 0.5317763147580072
11333.086838266292 8126.899913189192 0.19716513359893414 -0.4220720182929062 -0.2659069479888945 0.09615072006433167 14.397495386043603 0.015228642448973026 -0.07434987358375533 0.8844762959195738 0.46062324979808694
11372.895431505372 8314.31087728979 0.19476339972829596 -0.4120922062113109 -0.26665498930897075 0.0989077335055123 14.40633339890854 0.013688846313120315 0.09829865380428163 0.9107366640787217 0.40111856521859945
11409.994135844 8514.033106549568 0.19330960481250245 -0.4023877182027806 -0.26741272963722573 0.10161361372646097 14.414505599543668 0.012253868662875603 0.09929176369141063 0.913755458695152 0.39394429475227943
11434.45285009882 8662.239154357307 0.19186373857059288 -0.3959973743243553 -0.2679707568871929 0.10355123122153886 14.419806705424135 0.011307805749491261 -0.017200717112418978 0.9128195296060709 0.4080007863970093
11440.607565663293 8701.589747485423 0.19141636271145476 -0.39442361823100486 -0.2681278956430566 0.10409211369077886 14.421113215005029 0.011069741390207536 0.001325676338419902 0.8993553063702918 0.4372165087068758
11440.607565663293 8701.589747485423 0.19141636271145476 -0.39442361823100486 -0.2681278956430566 0.10409211369077886 14.421113215005029 0.011069741390207536 0.001325676338419865 0.8993553063702919 0.4372165087068923
11455.841366312932 8800.366953558052 0.1904096120328569 -0.3906108228830035 -0.2685907022621372 0.10566847982861474 14.424233963727024 0.010440411643661838 0.015357610367700423 0.8666817421460885 0.49862501103977613
11487.689643207688 9017.55572320196 0.1882531600580939 -0.38285246100191267 -0.2697529582763596 0.1095595296818408 14.430446567097357 0.01 -0.004324415045370665 0.8388405758024127 0.5443599799966858
11527.498236446767 9271.008001456325 0.18514972921603465 -0.3736369301568151 -0.2713102910312411 0.11464691071229538 14.438021349202659 0.011351512207815355 -0.05226055517295501 0.7901507081387462 0.6106805161464459
11564.596940785395 9485.159520897587 0.18194011679035502 -0.3652651076590982 -0.27273806408061924 0.11919222802233859 14.445109054163607 0.011344560063270753 -0.055167332752453536 0.8174387100577771 0.5733677011273627
11589.055655040216 9652.24915432931 0.17978056937727252 -0.3592231867400502 -0.2736182709868912 0.1219376424429526 14.449865084032972 0.010172254618318591 -0.024858368445425 0.8893325550622935 0.4565847873337535
11595.21037060469 9700.0 0.17924327210107582 -0.3575970465201705 -0.2738212154398814 0.12256403214256983 14.451083634583723 0.01 -0.014453406779308486 0.9052305516767931 0.4246748725123778
